4294967278,362
4294967279,550
4294967278,361
4294967278,360
40,6
40,5
40,4
40,3
40,2
40,1
4294967278,359
4294967278,358
4294967278,357
39,6
39,5
39,4
39,3
39,2
39,1
4294967278,356
4294967279,549
4294967278,355
4294967279,548
38,6
38,5
38,4
38,3
38,2
38,1
4294967279,547
4294967279,546
4294967278,354
4294967278,353
37,6
37,5
37,4
37,3
37,2
37,1
4294967279,545
4294967279,544
36,7
4294967279,543
4294967278,352
4294967279,542
4294967278,351
4294967279,541
36,6
36,5
36,4
36,3
36,2
36,1
4294967279,540
4294967279,539
4294967279,538
4294967278,350
4294967294,1476
4294967294,1475
4294967278,349
35,6
35,5
35,4
35,3
35,2
35,1
4294967278,348
4294967278,347
4294967279,537
4294967278,346
4294967279,536
34,5
34,4
34,3
34,2
34,1
4294967279,535
33,5
33,4
33,3
33,2
33,1
4294967278,345
4294967294,436
4294967279,534
32,4
32,3
32,2
32,1
31,5
31,4
31,3
31,2
31,1
4294967279,533
4294967278,344
30,5
30,4
30,3
30,2
30,1
4294967279,532
4294967279,531
29,5
29,4
29,3
29,2
29,1
4294967279,530
4294967279,529
4294967278,343
4294967279,528
4294967279,527
28,5
28,4
28,3
28,2
28,1
4294967279,526
4294967278,342
4294967279,525
4294967279,524
4294967278,341
27,5
27,4
27,3
27,2
27,1
4294967279,523
4294967294,1474
4294967294,470
4294967278,340
4294967279,522
4294967278,339
26,5
26,4
26,3
26,2
26,1
4294967278,338
4294967279,521
4294967278,337
4294967279,520
4294967278,336
4294967278,335
25,5
25,4
25,3
25,2
25,1
4294967278,334
4294967278,333
4294967279,519
24,5
24,4
24,3
24,2
24,1
4294967279,518
4294967278,332
4294967279,517
4294967278,331
23,5
23,4
23,3
23,2
23,1
4294967279,516
4294967278,330
4294967278,329
22,5
22,4
22,3
22,2
22,1
4294967278,328
4294967279,515
4294967279,514
21,6
21,5
21,4
21,3
21,2
21,1
4294967278,327
4294967279,513
4294967294,1473
4294967294,186
4294967279,512
4294967278,326
4294967279,319
4294967278,325
4294967278,324
20,5
4294967279,318
20,4
4294967278,323
20,3
20,2
20,1
4294967278,322
4294967279,317
4294967278,321
4294967279,316
4294967278,320
4294967279,315
19,4
4294967278,319
19,3
19,2
19,1
4294967278,318
4294967279,314
4294967278,317
4294967278,316
4294967278,315
4294967278,314
18,6
18,5
18,4
18,3
18,2
18,1
4294967279,313
17,5
17,4
17,3
17,2
17,1
4294967279,312
4294967278,313
4294967278,312
11,5
4294967279,311
4294967278,311
4294967279,310
4294967278,310
4294967279,309
4294967278,309
4294967279,308
16,6
16,5
16,4
16,3
16,2
16,1
4294967278,308
4294967278,307
4294967279,307
4294967278,306
4294967279,306
4294967278,305
4294967279,305
4294967278,304
15,5
15,4
15,3
15,2
15,1
4294967278,303
4294967278,302
4294967279,304
4294967279,303
10,5
4294967278,301
4294967279,302
4294967278,300
4294967279,301
4294967278,299
4294967294,1536
4294967279,300
4294967278,298
14,6
14,5
14,4
14,3
14,2
14,1
4294967279,299
4294967279,298
4294967278,297
4294967279,297
4294967278,296
4294967279,296
4294967278,295
4294967279,295
13,5
13,4
13,3
13,2
13,1
4294967279,294
4294967294,1472
4294967279,293
4294967278,294
4294967278,293
8,5
4294967279,292
4294967278,292
4294967279,291
4294967278,291
4294967279,290
4294967278,290
4294967279,289
12,5
12,4
12,3
12,2
12,1
4294967279,288
4294967294,1408
4294967294,942
4294967294,941
4294967279,287
4294967278,289
4294967278,288
6,5
4294967278,287
4294967279,286
11,4
11,3
11,2
11,1
4294967278,286
4294967294,83
10,4
10,3
10,2
10,1
4294967278,285
9,5
9,4
9,3
9,2
9,1
4294967279,285
4294967294,972
8,4
8,3
8,2
8,1
4294967279,284
7,5
7,4
7,3
7,2
7,1
4294967279,283
6,4
6,3
6,2
6,1
4294967278,284
4294967279,281
5,5
5,4
5,3
5,2
5,1
4,4
4,3
4,2
4,1
4294967294,469
4294967279,275
4294967293,131
4294967293,130
4294967293,129
4294967293,128
4294967293,127
4294967293,126
4294967293,125
4294967293,124
4294967293,123
4294967293,122
4294967293,121
4294967293,120
4294967293,119
4294967293,118
4294967293,117
4294967293,116
4294967293,115
4294967293,114
4294967293,113
4294967293,112
4294967293,111
4294967293,110
